0 [(-75.0, 135.0, 180.0), (-135.0, 75.0, 180.0), (-75.0, 135.0, 180.0), (-135.0, 75.0, 180.0), (-75.0, 135.0, 180.0), (-135.0, 75.0, 180.0)]
0 [(-75.0, 135.0, 180.0), (-135.0, 75.0, 180.0), (-75.0, 135.0, 180.0), (-135.0, 75.0, 180.0), (-75.0, 135.0, 180.0), (-135.0, 75.0, 180.0)]
1 [(135.0, -75.0, 180.0), (75.0, -135.0, 180.0), (135.0, -75.0, 180.0), (75.0, -135.0, 180.0), (135.0, -75.0, 180.0), (75.0, -135.0, 180.0)]
2 [(-135.0, 75.0, 180.0), (-75.0, 135.0, 180.0), (-135.0, 75.0, 180.0), (-75.0, 135.0, 180.0), (-135.0, 75.0, 180.0), (-75.0, 135.0, 180.0)]
3 [(75.0, -135.0, 180.0), (135.0, -75.0, 180.0), (75.0, -135.0, 180.0), (135.0, -75.0, 180.0), (75.0, -135.0, 180.0), (135.0, -75.0, 180.0)]
1 [(135.0, -75.0, 180.0), (75.0, -135.0, 180.0), (135.0, -75.0, 180.0), (75.0, -135.0, 180.0), (135.0, -75.0, 180.0), (75.0, -135.0, 180.0)]
0 [(-75.0, 135.0, 180.0), (-135.0, 75.0, 180.0), (-75.0, 135.0, 180.0), (-135.0, 75.0, 180.0), (-75.0, 135.0, 180.0), (-135.0, 75.0, 180.0)]
1 [(135.0, -75.0, 180.0), (75.0, -135.0, 180.0), (135.0, -75.0, 180.0), (75.0, -135.0, 180.0), (135.0, -75.0, 180.0), (75.0, -135.0, 180.0)]
2 [(-135.0, 75.0, 180.0), (-75.0, 135.0, 180.0), (-135.0, 75.0, 180.0), (-75.0, 135.0, 180.0), (-135.0, 75.0, 180.0), (-75.0, 135.0, 180.0)]
3 [(75.0, -135.0, 180.0), (135.0, -75.0, 180.0), (75.0, -135.0, 180.0), (135.0, -75.0, 180.0), (75.0, -135.0, 180.0), (135.0, -75.0, 180.0)]
2 [(-135.0, 75.0, 180.0), (-75.0, 135.0, 180.0), (-135.0, 75.0, 180.0), (-75.0, 135.0, 180.0), (-135.0, 75.0, 180.0), (-75.0, 135.0, 180.0)]
0 [(-75.0, 135.0, 180.0), (-135.0, 75.0, 180.0), (-75.0, 135.0, 180.0), (-135.0, 75.0, 180.0), (-75.0, 135.0, 180.0), (-135.0, 75.0, 180.0)]
1 [(135.0, -75.0, 180.0), (75.0, -135.0, 180.0), (135.0, -75.0, 180.0), (75.0, -135.0, 180.0), (135.0, -75.0, 180.0), (75.0, -135.0, 180.0)]
2 [(-135.0, 75.0, 180.0), (-75.0, 135.0, 180.0), (-135.0, 75.0, 180.0), (-75.0, 135.0, 180.0), (-135.0, 75.0, 180.0), (-75.0, 135.0, 180.0)]
3 [(75.0, -135.0, 180.0), (135.0, -75.0, 180.0), (75.0, -135.0, 180.0), (135.0, -75.0, 180.0), (75.0, -135.0, 180.0), (135.0, -75.0, 180.0)]
3 [(75.0, -135.0, 180.0), (135.0, -75.0, 180.0), (75.0, -135.0, 180.0), (135.0, -75.0, 180.0), (75.0, -135.0, 180.0), (135.0, -75.0, 180.0)]
0 [(-75.0, 135.0, 180.0), (-135.0, 75.0, 180.0), (-75.0, 135.0, 180.0), (-135.0, 75.0, 180.0), (-75.0, 135.0, 180.0), (-135.0, 75.0, 180.0)]
1 [(135.0, -75.0, 180.0), (75.0, -135.0, 180.0), (135.0, -75.0, 180.0), (75.0, -135.0, 180.0), (135.0, -75.0, 180.0), (75.0, -135.0, 180.0)]
2 [(-135.0, 75.0, 180.0), (-75.0, 135.0, 180.0), (-135.0, 75.0, 180.0), (-75.0, 135.0, 180.0), (-135.0, 75.0, 180.0), (-75.0, 135.0, 180.0)]
3 [(75.0, -135.0, 180.0), (135.0, -75.0, 180.0), (75.0, -135.0, 180.0), (135.0, -75.0, 180.0), (75.0, -135.0, 180.0), (135.0, -75.0, 180.0)]
